124 127 1
124 128 1
123 124 1
124 126 1
121 124 1
122 124 1
120 124 1
132 134 1
133 134 1
134 135 1
134 136 1
134 137 1
125 133 1
132 133 1
125 127 1
125 128 1
128 132 1
129 132 1
128 133 1
129 133 1
131 132 1
131 133 1
125 137 1
130 132 1
130 133 1
125 126 1
124 125 1
133 135 1
121 125 1
122 125 1
125 138 1
123 125 1
127 128 1
127 129 1
128 129 1
128 130 1
129 130 1
126 127 1
126 128 1
126 129 1
123 127 1
130 131 1
129 131 1
116 117 1
117 120 1
117 118 1
117 121 1
114 117 1
115 117 1
117 119 1
113 117 1
116 120 1
116 119 1
119 120 1
120 123 1
114 116 1
115 116 1
112 116 1
113 116 1
12 13 1
12 14 1
12 15 1
13 14 1
13 15 1
14 15 1
12 16 1
13 16 1
13 17 1
14 16 1
14 17 1
14 18 1
15 16 1
15 17 1
15 18 1
6 12 1
6 13 1
11 12 1
11 13 1
11 15 1
7 12 1
10 12 1
118 121 1
118 122 1
118 138 1
121 122 1
121 138 1
122 138 1
118 119 1
119 121 1
121 123 1
119 122 1
122 123 1
122 137 1
137 138 1
118 139 1
118 140 1
122 139 1
138 139 1
138 140 1
122 126 1
116 118 1
118 120 1
120 121 1
120 122 1
114 118 1
115 118 1
19 119 1
19 123 1
119 123 1
16 19 1
17 19 1
18 19 1
18 123 1
123 126 1
19 20 1
15 119 1
19 21 1
115 119 1
16 17 1
16 18 1
17 18 1
17 20 1
18 20 1
16 99 1
11 16 1
135 136 1
135 137 1
136 137 1
136 138 1
137 139 1
20 21 1
20 22 1
20 23 1
295 298 1
296 298 1
297 298 1
193 195 1
194 195 1
195 196 1
8 195 1
195 197 1
190 193 1
193 194 1
188 190 1
189 190 1
190 191 1
190 192 1
189 193 1
191 193 1
192 193 1
192 194 1
8 193 1
7 194 1
8 194 1
190 197 1
190 201 1
193 196 1
194 196 1
187 190 1
188 189 1
188 191 1
188 192 1
189 191 1
189 192 1
191 192 1
3 191 1
3 192 1
4 192 1
183 188 1
184 188 1
191 205 1
191 201 1
186 188 1
187 188 1
187 189 1
187 191 1
185 188 1
112 113 1
111 112 1
112 114 1
112 115 1
111 113 1
113 114 1
113 115 1
107 112 1
110 112 1
9 10 1
7 9 1
8 9 1
7 10 1
8 10 1
9 11 1
10 11 1
6 9 1
6 10 1
7 8 1
4 7 1
5 7 1
6 7 1
6 8 1
8 196 1
2 3 1
2 4 1
3 4 1
1 2 1
1 3 1
3 205 1
3 209 1
1 184 1
143 144 1
143 145 1
144 145 1
141 143 1
145 147 1
142 143 1
142 144 1
144 146 1
145 146 1
114 141 1
141 142 1
139 141 1
140 141 1
111 114 1
111 115 1
114 115 1
114 140 1
115 140 1
106 111 1
107 111 1
108 111 1
109 111 1
110 111 1
110 114 1
106 115 1
107 115 1
110 115 1
6 11 1
7 11 1
5 6 1
6 100 1
3 5 1
4 5 1
4 6 1
140 142 1
110 142 1
139 140 1
96 99 1
95 96 1
96 97 1
96 98 1
95 99 1
97 99 1
98 99 1
93 96 1
94 96 1
99 102 1
96 100 1
99 100 1
99 101 1
99 103 1
23 24 1
21 23 1
22 23 1
21 24 1
22 24 1
23 25 1
24 25 1
24 26 1
24 99 1
24 102 1
24 98 1
21 22 1
88 92 1
89 92 1
90 92 1
91 92 1
92 93 1
92 94 1
92 95 1
295 296 1
295 297 1
296 297 1
293 295 1
294 295 1
293 296 1
294 296 1
186 187 1
185 186 1
185 187 1
182 186 1
183 186 1
184 186 1
183 187 1
184 187 1
181 185 1
182 185 1
183 185 1
184 185 1
196 197 1
196 198 1
50 196 1
197 198 1
197 201 1
198 201 1
198 202 1
201 202 1
197 199 1
198 199 1
198 200 1
199 201 1
200 201 1
201 204 1
201 205 1
201 253 1
201 203 1
180 181 1
180 182 1
180 183 1
180 184 1
181 182 1
181 183 1
181 184 1
182 183 1
182 184 1
183 184 1
179 180 1
179 181 1
179 182 1
179 183 1
178 180 1
178 181 1
178 182 1
176 180 1
177 180 1
177 181 1
146 148 1
146 147 1
147 148 1
148 149 1
50 51 1
51 104 1
48 50 1
49 50 1
50 52 1
50 53 1
49 51 1
51 52 1
51 53 1
50 54 1
51 54 1
51 55 1
50 199 1
202 204 1
202 205 1
202 206 1
54 202 1
202 203 1
199 202 1
200 202 1
204 205 1
204 206 1
204 208 1
205 206 1
205 208 1
206 208 1
205 209 1
206 209 1
206 210 1
208 209 1
208 210 1
204 207 1
204 250 1
205 207 1
206 207 1
207 208 1
208 212 1
203 204 1
203 205 1
54 206 1
203 206 1
204 253 1
204 254 1
208 211 1
57 206 1
58 206 1
200 204 1
147 149 1
106 107 1
106 108 1
106 109 1
106 110 1
107 108 1
107 109 1
107 110 1
108 109 1
108 110 1
109 110 1
103 106 1
104 106 1
105 106 1
103 107 1
104 107 1
105 107 1
104 108 1
105 108 1
105 109 1
102 106 1
51 108 1
103 104 1
103 105 1
104 105 1
100 103 1
101 103 1
100 104 1
101 104 1
101 105 1
102 103 1
102 104 1
102 105 1
55 104 1
100 101 1
97 100 1
98 100 1
97 101 1
98 101 1
58 101 1
55 101 1
30 101 1
209 210 1
209 212 1
209 213 1
210 212 1
210 213 1
61 210 1
209 211 1
210 211 1
210 214 1
207 209 1
207 210 1
212 213 1
212 215 1
213 215 1
212 216 1
213 216 1
213 217 1
215 216 1
215 217 1
211 212 1
212 214 1
211 213 1
213 214 1
211 215 1
214 215 1
215 219 1
215 218 1
98 102 1
25 102 1
30 102 1
100 102 1
101 102 1
95 97 1
95 98 1
97 98 1
93 95 1
94 95 1
93 97 1
94 97 1
94 98 1
26 98 1
90 95 1
91 95 1
27 98 1
93 94 1
88 93 1
89 93 1
90 93 1
91 93 1
89 94 1
90 94 1
91 94 1
93 213 1
216 217 1
216 219 1
216 220 1
217 219 1
217 220 1
217 221 1
216 218 1
217 218 1
214 216 1
214 217 1
219 220 1
219 222 1
219 223 1
220 222 1
220 223 1
222 223 1
219 221 1
220 221 1
220 224 1
221 222 1
222 224 1
222 225 1
221 223 1
223 224 1
223 225 1
218 219 1
218 220 1
218 222 1
222 234 1
222 231 1
25 26 1
25 29 1
25 27 1
25 98 1
25 30 1
26 27 1
26 28 1
26 29 1
26 30 1
87 88 1
87 89 1
87 90 1
87 91 1
88 89 1
88 90 1
88 91 1
89 90 1
89 91 1
90 91 1
85 87 1
85 88 1
85 89 1
86 87 1
86 88 1
86 89 1
86 90 1
84 87 1
84 88 1
69 89 1
27 90 1
83 87 1
84 85 1
69 85 1
73 85 1
81 85 1
82 85 1
83 85 1
85 86 1
221 224 1
221 225 1
224 225 1
224 226 1
225 226 1
225 227 1
225 230 1
218 221 1
225 231 1
226 227 1
226 228 1
80 84 1
81 84 1
82 84 1
83 84 1
84 86 1
292 293 1
292 294 1
293 294 1
258 292 1
259 292 1
259 293 1
290 292 1
291 292 1
291 293 1
255 256 1
255 257 1
255 258 1
255 259 1
256 257 1
256 258 1
256 259 1
257 258 1
257 259 1
258 259 1
253 255 1
254 255 1
253 256 1
254 256 1
253 257 1
254 257 1
254 258 1
255 264 1
256 264 1
259 263 1
259 264 1
251 255 1
252 255 1
252 256 1
255 260 1
256 260 1
256 261 1
257 260 1
258 260 1
259 260 1
259 261 1
199 200 1
200 253 1
199 203 1
200 203 1
200 256 1
200 257 1
253 254 1
251 253 1
179 254 1
251 254 1
250 253 1
250 254 1
252 253 1
252 254 1
249 253 1
179 251 1
178 179 1
176 179 1
173 251 1
175 179 1
177 179 1
174 179 1
247 251 1
248 251 1
251 252 1
249 251 1
175 178 1
177 178 1
174 178 1
47 48 1
47 49 1
47 52 1
47 53 1
48 49 1
48 52 1
49 52 1
49 53 1
52 53 1
52 54 1
53 54 1
52 55 1
53 55 1
44 47 1
45 47 1
46 47 1
47 157 1
46 48 1
52 56 1
53 56 1
53 57 1
41 52 1
47 199 1
53 199 1
54 203 1
203 207 1
54 56 1
54 57 1
54 58 1
57 203 1
203 253 1
207 250 1
246 250 1
61 207 1
249 250 1
207 211 1
247 250 1
248 250 1
179 250 1
250 251 1
250 252 1
176 246 1
175 176 1
176 177 1
176 247 1
244 246 1
245 246 1
246 247 1
246 248 1
242 246 1
243 246 1
176 178 1
246 249 1
174 176 1
175 177 1
175 247 1
174 175 1
173 175 1
36 38 1
37 38 1
38 39 1
38 40 1
34 38 1
38 41 1
38 42 1
35 38 1
55 56 1
55 57 1
55 58 1
55 59 1
54 55 1
56 57 1
56 58 1
56 59 1
56 60 1
57 58 1
57 59 1
57 60 1
58 59 1
58 60 1
59 60 1
57 61 1
58 61 1
59 61 1
60 61 1
60 64 1
56 152 1
60 152 1
58 62 1
59 62 1
59 63 1
60 62 1
60 63 1
42 56 1
60 154 1
61 64 1
61 62 1
61 63 1
61 65 1
62 64 1
63 64 1
64 65 1
64 66 1
64 68 1
64 242 1
64 67 1
211 214 1
214 218 1
238 239 1
234 238 1
235 238 1
235 239 1
236 238 1
238 240 1
236 239 1
239 240 1
237 238 1
237 239 1
238 241 1
238 242 1
238 243 1
239 241 1
239 242 1
239 243 1
239 244 1
36 37 1
33 36 1
34 36 1
33 37 1
34 37 1
32 36 1
35 36 1
35 37 1
36 39 1
37 39 1
30 31 1
30 33 1
30 34 1
31 33 1
31 34 1
33 34 1
29 30 1
30 32 1
29 31 1
31 32 1
29 33 1
32 33 1
32 34 1
31 35 1
33 35 1
34 35 1
27 30 1
28 30 1
27 31 1
28 31 1
34 39 1
62 63 1
62 65 1
62 66 1
63 65 1
63 66 1
65 66 1
65 68 1
66 68 1
63 67 1
65 67 1
66 67 1
65 69 1
66 69 1
65 214 1
66 70 1
68 69 1
68 72 1
68 70 1
68 71 1
67 68 1
218 234 1
218 235 1
234 235 1
231 234 1
232 234 1
231 235 1
232 235 1
233 234 1
234 237 1
233 235 1
235 237 1
230 234 1
234 236 1
235 236 1
228 229 1
228 231 1
228 232 1
229 231 1
229 232 1
231 232 1
227 228 1
228 230 1
227 229 1
229 230 1
227 231 1
230 231 1
230 232 1
229 233 1
231 233 1
232 233 1
232 236 1
29 32 1
27 29 1
28 29 1
28 32 1
32 35 1
27 28 1
69 86 1
82 86 1
83 86 1
69 72 1
69 73 1
72 73 1
72 76 1
73 76 1
73 82 1
69 70 1
69 71 1
70 72 1
71 72 1
72 74 1
70 73 1
71 73 1
73 74 1
72 75 1
73 75 1
67 69 1
76 78 1
75 76 1
76 77 1
74 76 1
227 230 1
230 233 1
79 80 1
79 81 1
79 82 1
79 83 1
80 81 1
80 82 1
80 83 1
81 82 1
81 83 1
82 83 1
78 79 1
78 80 1
78 81 1
78 82 1
77 79 1
76 82 1
77 78 1
290 291 1
289 290 1
289 291 1
288 290 1
260 261 1
260 262 1
261 262 1
260 263 1
260 264 1
261 263 1
261 264 1
262 263 1
262 264 1
261 265 1
262 265 1
262 266 1
263 264 1
263 265 1
263 266 1
263 267 1
264 265 1
264 266 1
264 267 1
264 268 1
287 289 1
288 289 1
267 289 1
158 159 1
155 158 1
156 158 1
155 159 1
156 159 1
158 160 1
159 160 1
249 252 1
248 252 1
171 173 1
172 173 1
173 174 1
173 247 1
173 248 1
170 173 1
171 172 1
171 174 1
172 174 1
170 171 1
170 172 1
169 171 1
169 172 1
168 172 1
44 45 1
44 46 1
44 157 1
45 46 1
45 157 1
46 157 1
44 156 1
45 156 1
155 157 1
156 157 1
41 44 1
42 44 1
43 44 1
43 45 1
45 158 1
45 159 1
157 158 1
157 159 1
154 155 1
154 156 1
155 156 1
152 154 1
153 154 1
153 155 1
153 156 1
155 161 1
156 161 1
155 162 1
155 160 1
156 160 1
245 249 1
247 249 1
248 249 1
244 245 1
244 247 1
244 248 1
245 247 1
245 248 1
247 248 1
170 244 1
241 244 1
242 244 1
243 244 1
242 245 1
243 245 1
243 247 1
240 244 1
174 247 1
165 248 1
169 170 1
168 170 1
39 40 1
39 41 1
39 42 1
39 43 1
40 41 1
40 42 1
40 43 1
35 39 1
39 150 1
40 44 1
41 42 1
41 43 1
42 43 1
42 152 1
43 152 1
42 150 1
43 150 1
152 153 1
151 152 1
151 153 1
241 242 1
241 243 1
242 243 1
240 241 1
240 242 1
240 243 1
237 241 1
237 242 1
236 240 1
233 236 1
236 237 1
237 240 1
150 151 1
150 152 1
67 70 1
67 71 1
233 237 1
70 71 1
70 74 1
71 74 1
71 75 1
74 75 1
75 77 1
265 266 1
265 267 1
265 268 1
265 269 1
266 267 1
266 268 1
266 269 1
267 268 1
267 269 1
268 269 1
267 271 1
268 271 1
269 271 1
266 270 1
267 270 1
268 270 1
269 270 1
269 273 1
268 272 1
269 272 1
271 287 1
287 288 1
271 286 1
285 287 1
286 287 1
286 288 1
271 273 1
271 274 1
271 272 1
271 275 1
270 271 1
285 286 1
283 285 1
284 285 1
284 286 1
160 161 1
160 162 1
166 168 1
167 168 1
168 169 1
161 162 1
161 163 1
161 164 1
161 165 1
162 163 1
162 164 1
162 165 1
163 164 1
163 165 1
164 165 1
162 166 1
163 166 1
163 167 1
164 166 1
164 167 1
165 166 1
165 167 1
164 168 1
165 168 1
166 167 1
167 169 1
270 273 1
270 274 1
270 272 1
273 274 1
272 273 1
273 275 1
273 276 1
272 274 1
274 275 1
274 276 1
274 282 1
273 277 1
274 277 1
283 284 1
281 283 1
282 283 1
282 284 1
272 275 1
272 276 1
275 276 1
275 277 1
276 277 1
275 278 1
276 278 1
280 281 1
280 282 1
281 282 1
278 280 1
279 280 1
278 281 1
279 281 1
278 282 1
279 282 1
277 278 1
277 279 1
277 281 1
277 282 1
278 279 1
